%YAML:1.0
---
H1: !!opencv-matrix
   rows: 3
   cols: 3
   dt: d
   data: [ 1.3358470155235995e+00, -1.7053366155620348e-01,
       -8.0633999639158745e+01, 7.9157753642106546e-02,
       1.6443224279292232e+00, -1.6856643638086666e+02,
       -6.8106341082240619e-05, -5.4068637507764526e-05, 1. ]
H2: !!opencv-matrix
   rows: 3
   cols: 3
   dt: d
   data: [ 9.0318709576017975e-01, 2.6887161925239524e-02,
       1.5377060927351838e+01, -2.3526270361520765e-03,
       7.2407178056747434e-01, 5.8473616429257596e+01,
       -2.3057439195073863e-05, -2.8503469170985260e-05,
       9.9333605823361970e-01 ]
min_depth: 448
max_depth: 536
points_box: !!opencv-matrix
   rows: 4
   cols: 2
   dt: f
   data: [ 73., 99., 530., 77., 557., 351., 109., 381. ]
points_mire: !!opencv-matrix
   rows: 4
   cols: 2
   dt: f
   data: [ 56., 51., 553., 30., 567., 395., 91., 433. ]
points_depth: !!opencv-matrix
   rows: 2
   cols: 2
   dt: f
   data: [ 278., 229., 449., 212. ]
